PROBLEM PARAMETERS:
Number of nodes: 7
Number of edges: 10
Number of required edges: 6
Number of periods: 1
Number of vehicles: 3
W: 4.199999999999999
T_max: 21.599999999999998
M: 10000
theta: 0.1
sigma: 10
ul: 0.2879999999999999
uu: 0.19199999999999998

PROFILING:
Time for single-objective problems resolution: 23.430797159002395 seconds
Time for epsilon values computation: 0.00047655800881329924 seconds
Time for final model resolution: 298.11505399498856 seconds
Total time for rsolution: 321.54632771199977 seconds

EVALUATION METRICS:
Number of Pareto solutions: 16
MID for Pareto solutions: 32.56724568225756
Distance for Pareto solutions: 16.880171822073365


EDGES LIST: [(0, 1), (1, 0), (0, 4), (4, 0), (0, 6), (6, 0), (1, 2), (2, 1), (1, 3), (3, 1), (2, 4), (4, 2), (2, 5), (5, 2), (3, 5), (5, 3), (4, 5), (5, 4), (5, 6), (6, 5)]
REQUIRED EDGES LIST: [[(0, 1), (1, 0), (0, 6), (6, 0), (1, 2), (2, 1), (1, 3), (3, 1), (4, 5), (5, 4), (5, 6), (6, 5)]]

PARETO SOLUTIONS SUMMARY:
Solution 0:
	Number of employed vehicles in period 0: 2
	Total number of traversings in period 0: 13
	Total number of served edges in period 0: 3
	Vehicle 0:
		Trip 0:
		x: [1 0 0 0 0 0 1 0 0 0 0 0 1 0 0 0 0 0 1 0]
		y: [0 0 0 0 1 0 0 0 0 0 0 0]
		Trip 1:
		x: [0 0 0 0 0 0 0 0 0 0 0 0 0 0 0 0 0 0 0 0]
		y: [0 0 0 0 0 0 0 0 0 0 0 0]
		Trip 2:
		x: [0 0 0 0 0 0 0 0 0 0 0 0 0 0 0 0 0 0 0 0]
		y: [0 0 0 0 0 0 0 0 0 0 0 0]
		Trip 3:
		x: [0 0 0 0 0 0 0 0 0 0 0 0 0 0 0 0 0 0 0 0]
		y: [0 0 0 0 0 0 0 0 0 0 0 0]
		Trip 4:
		x: [0 0 0 0 0 0 0 0 0 0 0 0 0 0 0 0 0 0 0 0]
		y: [0 0 0 0 0 0 0 0 0 0 0 0]
		Trip 5:
		x: [0 0 0 0 0 0 0 0 0 0 0 0 0 0 0 0 0 0 0 0]
		y: [0 0 0 0 0 0 0 0 0 0 0 0]
	Vehicle 1:
		Trip 0:
		x: [0 0 0 0 0 0 0 0 0 0 0 0 0 0 0 0 0 0 0 0]
		y: [0 0 0 0 0 0 0 0 0 0 0 0]
		Trip 1:
		x: [0 0 0 0 0 0 0 0 0 0 0 0 0 0 0 0 0 0 0 0]
		y: [0 0 0 0 0 0 0 0 0 0 0 0]
		Trip 2:
		x: [0 0 0 0 0 0 0 0 0 0 0 0 0 0 0 0 0 0 0 0]
		y: [0 0 0 0 0 0 0 0 0 0 0 0]
		Trip 3:
		x: [0 0 0 0 0 0 0 0 0 0 0 0 0 0 0 0 0 0 0 0]
		y: [0 0 0 0 0 0 0 0 0 0 0 0]
		Trip 4:
		x: [0 0 0 0 0 0 0 0 0 0 0 0 0 0 0 0 0 0 0 0]
		y: [0 0 0 0 0 0 0 0 0 0 0 0]
		Trip 5:
		x: [0 0 0 0 0 0 0 0 0 0 0 0 0 0 0 0 0 0 0 0]
		y: [0 0 0 0 0 0 0 0 0 0 0 0]
	Vehicle 2:
		Trip 0:
		x: [0 0 1 0 0 0 0 0 0 0 0 0 0 0 0 0 1 0 1 0]
		y: [0 0 0 0 0 0 0 0 1 0 0 0]
		Trip 1:
		x: [0 1 0 0 0 0 0 0 0 1 0 0 1 1 0 1 0 0 0 1]
		y: [0 0 0 0 0 0 0 1 0 0 0 0]
		Trip 2:
		x: [0 0 0 0 0 0 0 0 0 0 0 0 0 0 0 0 0 0 0 0]
		y: [0 0 0 0 0 0 0 0 0 0 0 0]
		Trip 3:
		x: [0 0 0 0 0 0 0 0 0 0 0 0 0 0 0 0 0 0 0 0]
		y: [0 0 0 0 0 0 0 0 0 0 0 0]
		Trip 4:
		x: [0 0 0 0 0 0 0 0 0 0 0 0 0 0 0 0 0 0 0 0]
		y: [0 0 0 0 0 0 0 0 0 0 0 0]
		Trip 5:
		x: [0 0 0 0 0 0 0 0 0 0 0 0 0 0 0 0 0 0 0 0]
		y: [0 0 0 0 0 0 0 0 0 0 0 0]
Solution 1:
	Number of employed vehicles in period 0: 2
	Total number of traversings in period 0: 16
	Total number of served edges in period 0: 6
	Vehicle 0:
		Trip 0:
		x: [1 0 0 0 0 0 1 0 2 2 0 0 2 1 0 0 0 0 1 0]
		y: [1 0 0 0 1 0 0 0 0 0 0 0]
		Trip 1:
		x: [0 0 0 0 0 0 0 0 0 0 0 0 0 0 0 0 0 0 0 0]
		y: [0 0 0 0 0 0 0 0 0 0 0 0]
		Trip 2:
		x: [0 0 0 0 0 0 0 0 0 0 0 0 0 0 0 0 0 0 0 0]
		y: [0 0 0 0 0 0 0 0 0 0 0 0]
		Trip 3:
		x: [0 0 0 0 0 0 0 0 0 0 0 0 0 0 0 0 0 0 0 0]
		y: [0 0 0 0 0 0 0 0 0 0 0 0]
		Trip 4:
		x: [0 0 0 0 0 0 0 0 0 0 0 0 0 0 0 0 0 0 0 0]
		y: [0 0 0 0 0 0 0 0 0 0 0 0]
		Trip 5:
		x: [0 0 0 0 0 0 0 0 0 0 0 0 0 0 0 0 0 0 0 0]
		y: [0 0 0 0 0 0 0 0 0 0 0 0]
	Vehicle 1:
		Trip 0:
		x: [0 0 0 0 0 0 0 0 0 0 0 0 0 0 0 0 0 0 0 0]
		y: [0 0 0 0 0 0 0 0 0 0 0 0]
		Trip 1:
		x: [0 0 0 0 0 0 0 0 0 0 0 0 0 0 0 0 0 0 0 0]
		y: [0 0 0 0 0 0 0 0 0 0 0 0]
		Trip 2:
		x: [0 0 0 0 0 0 0 0 0 0 0 0 0 0 0 0 0 0 0 0]
		y: [0 0 0 0 0 0 0 0 0 0 0 0]
		Trip 3:
		x: [0 0 0 0 0 0 0 0 0 0 0 0 0 0 0 0 0 0 0 0]
		y: [0 0 0 0 0 0 0 0 0 0 0 0]
		Trip 4:
		x: [0 0 0 0 0 0 0 0 0 0 0 0 0 0 0 0 0 0 0 0]
		y: [0 0 0 0 0 0 0 0 0 0 0 0]
		Trip 5:
		x: [0 0 0 0 0 0 0 0 0 0 0 0 0 0 0 0 0 0 0 0]
		y: [0 0 0 0 0 0 0 0 0 0 0 0]
	Vehicle 2:
		Trip 0:
		x: [1 0 0 0 0 0 0 0 2 1 0 0 0 0 1 0 0 0 1 0]
		y: [0 0 0 0 0 0 1 0 0 0 1 0]
		Trip 1:
		x: [0 0 0 1 1 0 0 0 0 0 0 0 0 0 0 0 0 1 0 1]
		y: [0 0 1 0 0 0 0 0 0 1 0 0]
		Trip 2:
		x: [0 0 0 0 0 0 0 0 0 0 0 0 0 0 0 0 0 0 0 0]
		y: [0 0 0 0 0 0 0 0 0 0 0 0]
		Trip 3:
		x: [0 0 0 0 0 0 0 0 0 0 0 0 0 0 0 0 0 0 0 0]
		y: [0 0 0 0 0 0 0 0 0 0 0 0]
		Trip 4:
		x: [0 0 0 0 0 0 0 0 0 0 0 0 0 0 0 0 0 0 0 0]
		y: [0 0 0 0 0 0 0 0 0 0 0 0]
		Trip 5:
		x: [0 0 0 0 0 0 0 0 0 0 0 0 0 0 0 0 0 0 0 0]
		y: [0 0 0 0 0 0 0 0 0 0 0 0]
Solution 2:
	Number of employed vehicles in period 0: 2
	Total number of traversings in period 0: 12
	Total number of served edges in period 0: 6
	Vehicle 0:
		Trip 0:
		x: [0 0 1 0 0 0 0 0 0 0 0 0 0 0 0 0 1 0 1 0]
		y: [0 0 0 0 0 0 0 0 1 0 1 0]
		Trip 1:
		x: [0 0 0 0 0 0 0 0 0 0 0 0 0 0 0 0 0 0 0 0]
		y: [0 0 0 0 0 0 0 0 0 0 0 0]
		Trip 2:
		x: [0 0 0 0 0 0 0 0 0 0 0 0 0 0 0 0 0 0 0 0]
		y: [0 0 0 0 0 0 0 0 0 0 0 0]
		Trip 3:
		x: [0 0 0 0 0 0 0 0 0 0 0 0 0 0 0 0 0 0 0 0]
		y: [0 0 0 0 0 0 0 0 0 0 0 0]
		Trip 4:
		x: [0 0 0 0 0 0 0 0 0 0 0 0 0 0 0 0 0 0 0 0]
		y: [0 0 0 0 0 0 0 0 0 0 0 0]
		Trip 5:
		x: [0 0 0 0 0 0 0 0 0 0 0 0 0 0 0 0 0 0 0 0]
		y: [0 0 0 0 0 0 0 0 0 0 0 0]
	Vehicle 1:
		Trip 0:
		x: [0 0 0 0 0 0 0 0 0 0 0 0 0 0 0 0 0 0 0 0]
		y: [0 0 0 0 0 0 0 0 0 0 0 0]
		Trip 1:
		x: [0 0 0 0 0 0 0 0 0 0 0 0 0 0 0 0 0 0 0 0]
		y: [0 0 0 0 0 0 0 0 0 0 0 0]
		Trip 2:
		x: [0 0 0 0 0 0 0 0 0 0 0 0 0 0 0 0 0 0 0 0]
		y: [0 0 0 0 0 0 0 0 0 0 0 0]
		Trip 3:
		x: [0 0 0 0 0 0 0 0 0 0 0 0 0 0 0 0 0 0 0 0]
		y: [0 0 0 0 0 0 0 0 0 0 0 0]
		Trip 4:
		x: [0 0 0 0 0 0 0 0 0 0 0 0 0 0 0 0 0 0 0 0]
		y: [0 0 0 0 0 0 0 0 0 0 0 0]
		Trip 5:
		x: [0 0 0 0 0 0 0 0 0 0 0 0 0 0 0 0 0 0 0 0]
		y: [0 0 0 0 0 0 0 0 0 0 0 0]
	Vehicle 2:
		Trip 0:
		x: [1 0 0 0 0 0 1 0 0 0 0 0 1 0 0 0 0 0 1 0]
		y: [1 0 0 0 1 0 0 0 0 0 0 0]
		Trip 1:
		x: [0 1 0 0 1 0 0 0 0 1 0 0 0 0 0 1 0 0 0 1]
		y: [0 0 1 0 0 0 0 1 0 0 0 0]
		Trip 2:
		x: [0 0 0 0 0 0 0 0 0 0 0 0 0 0 0 0 0 0 0 0]
		y: [0 0 0 0 0 0 0 0 0 0 0 0]
		Trip 3:
		x: [0 0 0 0 0 0 0 0 0 0 0 0 0 0 0 0 0 0 0 0]
		y: [0 0 0 0 0 0 0 0 0 0 0 0]
		Trip 4:
		x: [0 0 0 0 0 0 0 0 0 0 0 0 0 0 0 0 0 0 0 0]
		y: [0 0 0 0 0 0 0 0 0 0 0 0]
		Trip 5:
		x: [0 0 0 0 0 0 0 0 0 0 0 0 0 0 0 0 0 0 0 0]
		y: [0 0 0 0 0 0 0 0 0 0 0 0]
Solution 3:
	Number of employed vehicles in period 0: 3
	Total number of traversings in period 0: 16
	Total number of served edges in period 0: 6
	Vehicle 0:
		Trip 0:
		x: [0 0 1 0 1 0 0 0 0 0 0 0 0 0 0 0 1 0 1 0]
		y: [0 0 1 0 0 0 0 0 1 0 0 0]
		Trip 1:
		x: [0 0 0 0 0 0 0 0 0 0 0 0 0 0 0 0 0 0 0 0]
		y: [0 0 0 0 0 0 0 0 0 0 0 0]
		Trip 2:
		x: [0 0 0 0 0 0 0 0 0 0 0 0 0 0 0 0 0 0 0 0]
		y: [0 0 0 0 0 0 0 0 0 0 0 0]
		Trip 3:
		x: [0 0 0 0 0 0 0 0 0 0 0 0 0 0 0 0 0 0 0 0]
		y: [0 0 0 0 0 0 0 0 0 0 0 0]
		Trip 4:
		x: [0 0 0 0 0 0 0 0 0 0 0 0 0 0 0 0 0 0 0 0]
		y: [0 0 0 0 0 0 0 0 0 0 0 0]
		Trip 5:
		x: [0 0 0 0 0 0 0 0 0 0 0 0 0 0 0 0 0 0 0 0]
		y: [0 0 0 0 0 0 0 0 0 0 0 0]
	Vehicle 1:
		Trip 0:
		x: [1 0 0 0 0 0 1 0 2 2 0 0 1 0 0 0 0 0 1 0]
		y: [0 0 0 0 1 0 0 0 0 0 1 0]
		Trip 1:
		x: [0 0 0 0 0 0 0 0 0 0 0 0 0 0 0 0 0 0 0 0]
		y: [0 0 0 0 0 0 0 0 0 0 0 0]
		Trip 2:
		x: [0 0 0 0 0 0 0 0 0 0 0 0 0 0 0 0 0 0 0 0]
		y: [0 0 0 0 0 0 0 0 0 0 0 0]
		Trip 3:
		x: [0 0 0 0 0 0 0 0 0 0 0 0 0 0 0 0 0 0 0 0]
		y: [0 0 0 0 0 0 0 0 0 0 0 0]
		Trip 4:
		x: [0 0 0 0 0 0 0 0 0 0 0 0 0 0 0 0 0 0 0 0]
		y: [0 0 0 0 0 0 0 0 0 0 0 0]
		Trip 5:
		x: [0 0 0 0 0 0 0 0 0 0 0 0 0 0 0 0 0 0 0 0]
		y: [0 0 0 0 0 0 0 0 0 0 0 0]
	Vehicle 2:
		Trip 0:
		x: [1 0 0 0 0 0 0 0 1 0 0 0 1 1 1 0 0 0 1 0]
		y: [1 0 0 0 0 0 1 0 0 0 0 0]
		Trip 1:
		x: [0 0 0 0 0 0 0 0 0 0 0 0 0 0 0 0 0 0 0 0]
		y: [0 0 0 0 0 0 0 0 0 0 0 0]
		Trip 2:
		x: [0 0 0 0 0 0 0 0 0 0 0 0 0 0 0 0 0 0 0 0]
		y: [0 0 0 0 0 0 0 0 0 0 0 0]
		Trip 3:
		x: [0 0 0 0 0 0 0 0 0 0 0 0 0 0 0 0 0 0 0 0]
		y: [0 0 0 0 0 0 0 0 0 0 0 0]
		Trip 4:
		x: [0 0 0 0 0 0 0 0 0 0 0 0 0 0 0 0 0 0 0 0]
		y: [0 0 0 0 0 0 0 0 0 0 0 0]
		Trip 5:
		x: [0 0 0 0 0 0 0 0 0 0 0 0 0 0 0 0 0 0 0 0]
		y: [0 0 0 0 0 0 0 0 0 0 0 0]
Solution 4:
	Number of employed vehicles in period 0: 3
	Total number of traversings in period 0: 12
	Total number of served edges in period 0: 6
	Vehicle 0:
		Trip 0:
		x: [0 0 1 0 0 1 0 0 0 0 0 0 0 0 0 0 1 0 1 0]
		y: [0 0 0 1 0 0 0 0 1 0 0 0]
		Trip 1:
		x: [0 0 0 0 0 0 0 0 0 0 0 0 0 0 0 0 0 0 0 0]
		y: [0 0 0 0 0 0 0 0 0 0 0 0]
		Trip 2:
		x: [0 0 0 0 0 0 0 0 0 0 0 0 0 0 0 0 0 0 0 0]
		y: [0 0 0 0 0 0 0 0 0 0 0 0]
		Trip 3:
		x: [0 0 0 0 0 0 0 0 0 0 0 0 0 0 0 0 0 0 0 0]
		y: [0 0 0 0 0 0 0 0 0 0 0 0]
		Trip 4:
		x: [0 0 0 0 0 0 0 0 0 0 0 0 0 0 0 0 0 0 0 0]
		y: [0 0 0 0 0 0 0 0 0 0 0 0]
		Trip 5:
		x: [0 0 0 0 0 0 0 0 0 0 0 0 0 0 0 0 0 0 0 0]
		y: [0 0 0 0 0 0 0 0 0 0 0 0]
	Vehicle 1:
		Trip 0:
		x: [1 0 0 0 0 0 0 0 1 0 0 0 0 0 1 0 0 0 1 0]
		y: [0 0 0 0 0 0 1 0 0 0 1 0]
		Trip 1:
		x: [0 0 0 0 0 0 0 0 0 0 0 0 0 0 0 0 0 0 0 0]
		y: [0 0 0 0 0 0 0 0 0 0 0 0]
		Trip 2:
		x: [0 0 0 0 0 0 0 0 0 0 0 0 0 0 0 0 0 0 0 0]
		y: [0 0 0 0 0 0 0 0 0 0 0 0]
		Trip 3:
		x: [0 0 0 0 0 0 0 0 0 0 0 0 0 0 0 0 0 0 0 0]
		y: [0 0 0 0 0 0 0 0 0 0 0 0]
		Trip 4:
		x: [0 0 0 0 0 0 0 0 0 0 0 0 0 0 0 0 0 0 0 0]
		y: [0 0 0 0 0 0 0 0 0 0 0 0]
		Trip 5:
		x: [0 0 0 0 0 0 0 0 0 0 0 0 0 0 0 0 0 0 0 0]
		y: [0 0 0 0 0 0 0 0 0 0 0 0]
	Vehicle 2:
		Trip 0:
		x: [1 0 0 0 0 0 1 0 0 0 0 0 1 0 0 0 0 0 1 0]
		y: [1 0 0 0 1 0 0 0 0 0 0 0]
		Trip 1:
		x: [0 0 0 0 0 0 0 0 0 0 0 0 0 0 0 0 0 0 0 0]
		y: [0 0 0 0 0 0 0 0 0 0 0 0]
		Trip 2:
		x: [0 0 0 0 0 0 0 0 0 0 0 0 0 0 0 0 0 0 0 0]
		y: [0 0 0 0 0 0 0 0 0 0 0 0]
		Trip 3:
		x: [0 0 0 0 0 0 0 0 0 0 0 0 0 0 0 0 0 0 0 0]
		y: [0 0 0 0 0 0 0 0 0 0 0 0]
		Trip 4:
		x: [0 0 0 0 0 0 0 0 0 0 0 0 0 0 0 0 0 0 0 0]
		y: [0 0 0 0 0 0 0 0 0 0 0 0]
		Trip 5:
		x: [0 0 0 0 0 0 0 0 0 0 0 0 0 0 0 0 0 0 0 0]
		y: [0 0 0 0 0 0 0 0 0 0 0 0]
Solution 5:
	Number of employed vehicles in period 0: 2
	Total number of traversings in period 0: 16
	Total number of served edges in period 0: 6
	Vehicle 0:
		Trip 0:
		x: [1 0 0 0 0 0 0 0 1 0 0 0 0 0 1 0 0 0 1 0]
		y: [0 0 0 0 0 0 1 0 0 0 1 0]
		Trip 1:
		x: [0 0 0 1 1 0 0 0 0 0 0 0 1 1 0 0 0 1 0 1]
		y: [0 0 1 0 0 0 0 0 0 1 0 0]
		Trip 2:
		x: [0 0 0 0 0 0 0 0 0 0 0 0 0 0 0 0 0 0 0 0]
		y: [0 0 0 0 0 0 0 0 0 0 0 0]
		Trip 3:
		x: [0 0 0 0 0 0 0 0 0 0 0 0 0 0 0 0 0 0 0 0]
		y: [0 0 0 0 0 0 0 0 0 0 0 0]
		Trip 4:
		x: [0 0 0 0 0 0 0 0 0 0 0 0 0 0 0 0 0 0 0 0]
		y: [0 0 0 0 0 0 0 0 0 0 0 0]
		Trip 5:
		x: [0 0 0 0 0 0 0 0 0 0 0 0 0 0 0 0 0 0 0 0]
		y: [0 0 0 0 0 0 0 0 0 0 0 0]
	Vehicle 1:
		Trip 0:
		x: [0 0 0 0 0 0 0 0 0 0 0 0 0 0 0 0 0 0 0 0]
		y: [0 0 0 0 0 0 0 0 0 0 0 0]
		Trip 1:
		x: [0 0 0 0 0 0 0 0 0 0 0 0 0 0 0 0 0 0 0 0]
		y: [0 0 0 0 0 0 0 0 0 0 0 0]
		Trip 2:
		x: [0 0 0 0 0 0 0 0 0 0 0 0 0 0 0 0 0 0 0 0]
		y: [0 0 0 0 0 0 0 0 0 0 0 0]
		Trip 3:
		x: [0 0 0 0 0 0 0 0 0 0 0 0 0 0 0 0 0 0 0 0]
		y: [0 0 0 0 0 0 0 0 0 0 0 0]
		Trip 4:
		x: [0 0 0 0 0 0 0 0 0 0 0 0 0 0 0 0 0 0 0 0]
		y: [0 0 0 0 0 0 0 0 0 0 0 0]
		Trip 5:
		x: [0 0 0 0 0 0 0 0 0 0 0 0 0 0 0 0 0 0 0 0]
		y: [0 0 0 0 0 0 0 0 0 0 0 0]
	Vehicle 2:
		Trip 0:
		x: [1 0 0 0 0 0 1 0 2 2 0 0 1 0 0 0 0 0 1 0]
		y: [1 0 0 0 1 0 0 0 0 0 0 0]
		Trip 1:
		x: [0 0 0 0 0 0 0 0 0 0 0 0 0 0 0 0 0 0 0 0]
		y: [0 0 0 0 0 0 0 0 0 0 0 0]
		Trip 2:
		x: [0 0 0 0 0 0 0 0 0 0 0 0 0 0 0 0 0 0 0 0]
		y: [0 0 0 0 0 0 0 0 0 0 0 0]
		Trip 3:
		x: [0 0 0 0 0 0 0 0 0 0 0 0 0 0 0 0 0 0 0 0]
		y: [0 0 0 0 0 0 0 0 0 0 0 0]
		Trip 4:
		x: [0 0 0 0 0 0 0 0 0 0 0 0 0 0 0 0 0 0 0 0]
		y: [0 0 0 0 0 0 0 0 0 0 0 0]
		Trip 5:
		x: [0 0 0 0 0 0 0 0 0 0 0 0 0 0 0 0 0 0 0 0]
		y: [0 0 0 0 0 0 0 0 0 0 0 0]
Solution 6:
	Number of employed vehicles in period 0: 2
	Total number of traversings in period 0: 14
	Total number of served edges in period 0: 6
	Vehicle 0:
		Trip 0:
		x: [1 0 0 0 0 0 1 0 0 0 0 0 1 0 0 0 0 0 1 0]
		y: [0 0 0 0 1 0 0 0 0 0 1 0]
		Trip 1:
		x: [0 0 0 1 1 0 0 0 0 0 0 0 0 0 0 0 0 1 0 1]
		y: [0 0 1 0 0 0 0 0 0 1 0 0]
		Trip 2:
		x: [0 0 0 0 0 0 0 0 0 0 0 0 0 0 0 0 0 0 0 0]
		y: [0 0 0 0 0 0 0 0 0 0 0 0]
		Trip 3:
		x: [0 0 0 0 0 0 0 0 0 0 0 0 0 0 0 0 0 0 0 0]
		y: [0 0 0 0 0 0 0 0 0 0 0 0]
		Trip 4:
		x: [0 0 0 0 0 0 0 0 0 0 0 0 0 0 0 0 0 0 0 0]
		y: [0 0 0 0 0 0 0 0 0 0 0 0]
		Trip 5:
		x: [0 0 0 0 0 0 0 0 0 0 0 0 0 0 0 0 0 0 0 0]
		y: [0 0 0 0 0 0 0 0 0 0 0 0]
	Vehicle 1:
		Trip 0:
		x: [0 0 0 0 0 0 0 0 0 0 0 0 0 0 0 0 0 0 0 0]
		y: [0 0 0 0 0 0 0 0 0 0 0 0]
		Trip 1:
		x: [0 0 0 0 0 0 0 0 0 0 0 0 0 0 0 0 0 0 0 0]
		y: [0 0 0 0 0 0 0 0 0 0 0 0]
		Trip 2:
		x: [0 0 0 0 0 0 0 0 0 0 0 0 0 0 0 0 0 0 0 0]
		y: [0 0 0 0 0 0 0 0 0 0 0 0]
		Trip 3:
		x: [0 0 0 0 0 0 0 0 0 0 0 0 0 0 0 0 0 0 0 0]
		y: [0 0 0 0 0 0 0 0 0 0 0 0]
		Trip 4:
		x: [0 0 0 0 0 0 0 0 0 0 0 0 0 0 0 0 0 0 0 0]
		y: [0 0 0 0 0 0 0 0 0 0 0 0]
		Trip 5:
		x: [0 0 0 0 0 0 0 0 0 0 0 0 0 0 0 0 0 0 0 0]
		y: [0 0 0 0 0 0 0 0 0 0 0 0]
	Vehicle 2:
		Trip 0:
		x: [1 0 0 0 0 0 0 0 1 0 0 0 1 1 1 0 0 0 1 0]
		y: [1 0 0 0 0 0 1 0 0 0 0 0]
		Trip 1:
		x: [0 0 0 0 0 0 0 0 0 0 0 0 0 0 0 0 0 0 0 0]
		y: [0 0 0 0 0 0 0 0 0 0 0 0]
		Trip 2:
		x: [0 0 0 0 0 0 0 0 0 0 0 0 0 0 0 0 0 0 0 0]
		y: [0 0 0 0 0 0 0 0 0 0 0 0]
		Trip 3:
		x: [0 0 0 0 0 0 0 0 0 0 0 0 0 0 0 0 0 0 0 0]
		y: [0 0 0 0 0 0 0 0 0 0 0 0]
		Trip 4:
		x: [0 0 0 0 0 0 0 0 0 0 0 0 0 0 0 0 0 0 0 0]
		y: [0 0 0 0 0 0 0 0 0 0 0 0]
		Trip 5:
		x: [0 0 0 0 0 0 0 0 0 0 0 0 0 0 0 0 0 0 0 0]
		y: [0 0 0 0 0 0 0 0 0 0 0 0]
Solution 7:
	Number of employed vehicles in period 0: 2
	Total number of traversings in period 0: 13
	Total number of served edges in period 0: 6
	Vehicle 0:
		Trip 0:
		x: [1 0 0 0 0 0 0 0 1 0 0 0 0 0 1 0 0 0 1 0]
		y: [1 0 0 0 0 0 1 0 0 0 0 0]
		Trip 1:
		x: [0 0 0 0 0 0 0 0 0 0 0 0 0 0 0 0 0 0 0 0]
		y: [0 0 0 0 0 0 0 0 0 0 0 0]
		Trip 2:
		x: [0 0 0 0 0 0 0 0 0 0 0 0 0 0 0 0 0 0 0 0]
		y: [0 0 0 0 0 0 0 0 0 0 0 0]
		Trip 3:
		x: [0 0 0 0 0 0 0 0 0 0 0 0 0 0 0 0 0 0 0 0]
		y: [0 0 0 0 0 0 0 0 0 0 0 0]
		Trip 4:
		x: [0 0 0 0 0 0 0 0 0 0 0 0 0 0 0 0 0 0 0 0]
		y: [0 0 0 0 0 0 0 0 0 0 0 0]
		Trip 5:
		x: [0 0 0 0 0 0 0 0 0 0 0 0 0 0 0 0 0 0 0 0]
		y: [0 0 0 0 0 0 0 0 0 0 0 0]
	Vehicle 1:
		Trip 0:
		x: [0 0 0 0 0 0 0 0 0 0 0 0 0 0 0 0 0 0 0 0]
		y: [0 0 0 0 0 0 0 0 0 0 0 0]
		Trip 1:
		x: [0 0 0 0 0 0 0 0 0 0 0 0 0 0 0 0 0 0 0 0]
		y: [0 0 0 0 0 0 0 0 0 0 0 0]
		Trip 2:
		x: [0 0 0 0 0 0 0 0 0 0 0 0 0 0 0 0 0 0 0 0]
		y: [0 0 0 0 0 0 0 0 0 0 0 0]
		Trip 3:
		x: [0 0 0 0 0 0 0 0 0 0 0 0 0 0 0 0 0 0 0 0]
		y: [0 0 0 0 0 0 0 0 0 0 0 0]
		Trip 4:
		x: [0 0 0 0 0 0 0 0 0 0 0 0 0 0 0 0 0 0 0 0]
		y: [0 0 0 0 0 0 0 0 0 0 0 0]
		Trip 5:
		x: [0 0 0 0 0 0 0 0 0 0 0 0 0 0 0 0 0 0 0 0]
		y: [0 0 0 0 0 0 0 0 0 0 0 0]
	Vehicle 2:
		Trip 0:
		x: [0 0 1 0 0 0 0 0 0 0 0 0 0 0 0 0 1 0 1 0]
		y: [0 0 0 0 0 0 0 0 1 0 1 0]
		Trip 1:
		x: [1 2 0 0 1 0 0 1 0 0 0 0 0 1 0 0 0 0 0 1]
		y: [0 0 1 0 0 1 0 0 0 0 0 0]
		Trip 2:
		x: [0 0 0 0 0 0 0 0 0 0 0 0 0 0 0 0 0 0 0 0]
		y: [0 0 0 0 0 0 0 0 0 0 0 0]
		Trip 3:
		x: [0 0 0 0 0 0 0 0 0 0 0 0 0 0 0 0 0 0 0 0]
		y: [0 0 0 0 0 0 0 0 0 0 0 0]
		Trip 4:
		x: [0 0 0 0 0 0 0 0 0 0 0 0 0 0 0 0 0 0 0 0]
		y: [0 0 0 0 0 0 0 0 0 0 0 0]
		Trip 5:
		x: [0 0 0 0 0 0 0 0 0 0 0 0 0 0 0 0 0 0 0 0]
		y: [0 0 0 0 0 0 0 0 0 0 0 0]
Solution 8:
	Number of employed vehicles in period 0: 2
	Total number of traversings in period 0: 14
	Total number of served edges in period 0: 6
	Vehicle 0:
		Trip 0:
		x: [1 0 0 0 0 0 0 0 2 1 0 0 0 0 1 0 0 0 1 0]
		y: [1 0 0 0 0 0 1 0 0 0 0 0]
		Trip 1:
		x: [0 0 0 0 0 0 0 0 0 0 0 0 0 0 0 0 0 0 0 0]
		y: [0 0 0 0 0 0 0 0 0 0 0 0]
		Trip 2:
		x: [0 0 0 0 0 0 0 0 0 0 0 0 0 0 0 0 0 0 0 0]
		y: [0 0 0 0 0 0 0 0 0 0 0 0]
		Trip 3:
		x: [0 0 0 0 0 0 0 0 0 0 0 0 0 0 0 0 0 0 0 0]
		y: [0 0 0 0 0 0 0 0 0 0 0 0]
		Trip 4:
		x: [0 0 0 0 0 0 0 0 0 0 0 0 0 0 0 0 0 0 0 0]
		y: [0 0 0 0 0 0 0 0 0 0 0 0]
		Trip 5:
		x: [0 0 0 0 0 0 0 0 0 0 0 0 0 0 0 0 0 0 0 0]
		y: [0 0 0 0 0 0 0 0 0 0 0 0]
	Vehicle 1:
		Trip 0:
		x: [0 0 0 0 0 0 0 0 0 0 0 0 0 0 0 0 0 0 0 0]
		y: [0 0 0 0 0 0 0 0 0 0 0 0]
		Trip 1:
		x: [0 0 0 0 0 0 0 0 0 0 0 0 0 0 0 0 0 0 0 0]
		y: [0 0 0 0 0 0 0 0 0 0 0 0]
		Trip 2:
		x: [0 0 0 0 0 0 0 0 0 0 0 0 0 0 0 0 0 0 0 0]
		y: [0 0 0 0 0 0 0 0 0 0 0 0]
		Trip 3:
		x: [0 0 0 0 0 0 0 0 0 0 0 0 0 0 0 0 0 0 0 0]
		y: [0 0 0 0 0 0 0 0 0 0 0 0]
		Trip 4:
		x: [0 0 0 0 0 0 0 0 0 0 0 0 0 0 0 0 0 0 0 0]
		y: [0 0 0 0 0 0 0 0 0 0 0 0]
		Trip 5:
		x: [0 0 0 0 0 0 0 0 0 0 0 0 0 0 0 0 0 0 0 0]
		y: [0 0 0 0 0 0 0 0 0 0 0 0]
	Vehicle 2:
		Trip 0:
		x: [0 0 1 0 0 0 0 0 0 0 0 0 0 0 0 0 1 0 1 0]
		y: [0 0 0 0 0 0 0 0 1 0 1 0]
		Trip 1:
		x: [0 1 0 0 1 0 0 1 0 0 0 0 1 2 0 0 0 0 0 1]
		y: [0 0 1 0 0 1 0 0 0 0 0 0]
		Trip 2:
		x: [0 0 0 0 0 0 0 0 0 0 0 0 0 0 0 0 0 0 0 0]
		y: [0 0 0 0 0 0 0 0 0 0 0 0]
		Trip 3:
		x: [0 0 0 0 0 0 0 0 0 0 0 0 0 0 0 0 0 0 0 0]
		y: [0 0 0 0 0 0 0 0 0 0 0 0]
		Trip 4:
		x: [0 0 0 0 0 0 0 0 0 0 0 0 0 0 0 0 0 0 0 0]
		y: [0 0 0 0 0 0 0 0 0 0 0 0]
		Trip 5:
		x: [0 0 0 0 0 0 0 0 0 0 0 0 0 0 0 0 0 0 0 0]
		y: [0 0 0 0 0 0 0 0 0 0 0 0]
Solution 9:
	Number of employed vehicles in period 0: 2
	Total number of traversings in period 0: 14
	Total number of served edges in period 0: 6
	Vehicle 0:
		Trip 0:
		x: [1 0 0 0 0 0 1 0 0 0 1 0 0 0 0 0 1 0 1 0]
		y: [0 0 0 0 1 0 0 0 1 0 0 0]
		Trip 1:
		x: [0 1 0 0 1 0 0 0 0 1 0 0 0 0 0 1 0 0 0 1]
		y: [0 0 1 0 0 0 0 1 0 0 0 0]
		Trip 2:
		x: [0 0 0 0 0 0 0 0 0 0 0 0 0 0 0 0 0 0 0 0]
		y: [0 0 0 0 0 0 0 0 0 0 0 0]
		Trip 3:
		x: [0 0 0 0 0 0 0 0 0 0 0 0 0 0 0 0 0 0 0 0]
		y: [0 0 0 0 0 0 0 0 0 0 0 0]
		Trip 4:
		x: [0 0 0 0 0 0 0 0 0 0 0 0 0 0 0 0 0 0 0 0]
		y: [0 0 0 0 0 0 0 0 0 0 0 0]
		Trip 5:
		x: [0 0 0 0 0 0 0 0 0 0 0 0 0 0 0 0 0 0 0 0]
		y: [0 0 0 0 0 0 0 0 0 0 0 0]
	Vehicle 1:
		Trip 0:
		x: [0 0 0 0 0 0 0 0 0 0 0 0 0 0 0 0 0 0 0 0]
		y: [0 0 0 0 0 0 0 0 0 0 0 0]
		Trip 1:
		x: [0 0 0 0 0 0 0 0 0 0 0 0 0 0 0 0 0 0 0 0]
		y: [0 0 0 0 0 0 0 0 0 0 0 0]
		Trip 2:
		x: [0 0 0 0 0 0 0 0 0 0 0 0 0 0 0 0 0 0 0 0]
		y: [0 0 0 0 0 0 0 0 0 0 0 0]
		Trip 3:
		x: [0 0 0 0 0 0 0 0 0 0 0 0 0 0 0 0 0 0 0 0]
		y: [0 0 0 0 0 0 0 0 0 0 0 0]
		Trip 4:
		x: [0 0 0 0 0 0 0 0 0 0 0 0 0 0 0 0 0 0 0 0]
		y: [0 0 0 0 0 0 0 0 0 0 0 0]
		Trip 5:
		x: [0 0 0 0 0 0 0 0 0 0 0 0 0 0 0 0 0 0 0 0]
		y: [0 0 0 0 0 0 0 0 0 0 0 0]
	Vehicle 2:
		Trip 0:
		x: [1 0 0 0 0 0 0 0 1 0 0 0 0 0 1 0 0 0 1 0]
		y: [1 0 0 0 0 0 0 0 0 0 1 0]
		Trip 1:
		x: [0 0 0 0 0 0 0 0 0 0 0 0 0 0 0 0 0 0 0 0]
		y: [0 0 0 0 0 0 0 0 0 0 0 0]
		Trip 2:
		x: [0 0 0 0 0 0 0 0 0 0 0 0 0 0 0 0 0 0 0 0]
		y: [0 0 0 0 0 0 0 0 0 0 0 0]
		Trip 3:
		x: [0 0 0 0 0 0 0 0 0 0 0 0 0 0 0 0 0 0 0 0]
		y: [0 0 0 0 0 0 0 0 0 0 0 0]
		Trip 4:
		x: [0 0 0 0 0 0 0 0 0 0 0 0 0 0 0 0 0 0 0 0]
		y: [0 0 0 0 0 0 0 0 0 0 0 0]
		Trip 5:
		x: [0 0 0 0 0 0 0 0 0 0 0 0 0 0 0 0 0 0 0 0]
		y: [0 0 0 0 0 0 0 0 0 0 0 0]
Solution 10:
	Number of employed vehicles in period 0: 3
	Total number of traversings in period 0: 15
	Total number of served edges in period 0: 6
	Vehicle 0:
		Trip 0:
		x: [1 0 0 0 0 0 1 0 0 0 0 0 1 0 0 0 0 0 1 0]
		y: [0 0 0 0 1 0 1 0 0 0 0 0]
		Trip 1:
		x: [0 0 0 0 0 0 0 0 0 0 0 0 0 0 0 0 0 0 0 0]
		y: [0 0 0 0 0 0 0 0 0 0 0 0]
		Trip 2:
		x: [0 0 0 0 0 0 0 0 0 0 0 0 0 0 0 0 0 0 0 0]
		y: [0 0 0 0 0 0 0 0 0 0 0 0]
		Trip 3:
		x: [0 0 0 0 0 0 0 0 0 0 0 0 0 0 0 0 0 0 0 0]
		y: [0 0 0 0 0 0 0 0 0 0 0 0]
		Trip 4:
		x: [0 0 0 0 0 0 0 0 0 0 0 0 0 0 0 0 0 0 0 0]
		y: [0 0 0 0 0 0 0 0 0 0 0 0]
		Trip 5:
		x: [0 0 0 0 0 0 0 0 0 0 0 0 0 0 0 0 0 0 0 0]
		y: [0 0 0 0 0 0 0 0 0 0 0 0]
	Vehicle 1:
		Trip 0:
		x: [1 0 0 0 0 1 0 0 2 1 0 0 1 1 1 0 0 0 1 0]
		y: [1 0 0 1 0 0 0 0 0 0 0 0]
		Trip 1:
		x: [0 0 0 0 0 0 0 0 0 0 0 0 0 0 0 0 0 0 0 0]
		y: [0 0 0 0 0 0 0 0 0 0 0 0]
		Trip 2:
		x: [0 0 0 0 0 0 0 0 0 0 0 0 0 0 0 0 0 0 0 0]
		y: [0 0 0 0 0 0 0 0 0 0 0 0]
		Trip 3:
		x: [0 0 0 0 0 0 0 0 0 0 0 0 0 0 0 0 0 0 0 0]
		y: [0 0 0 0 0 0 0 0 0 0 0 0]
		Trip 4:
		x: [0 0 0 0 0 0 0 0 0 0 0 0 0 0 0 0 0 0 0 0]
		y: [0 0 0 0 0 0 0 0 0 0 0 0]
		Trip 5:
		x: [0 0 0 0 0 0 0 0 0 0 0 0 0 0 0 0 0 0 0 0]
		y: [0 0 0 0 0 0 0 0 0 0 0 0]
	Vehicle 2:
		Trip 0:
		x: [0 0 1 0 0 0 0 0 0 0 0 0 0 0 0 0 1 0 1 0]
		y: [0 0 0 0 0 0 0 0 1 0 1 0]
		Trip 1:
		x: [0 0 0 0 0 0 0 0 0 0 0 0 0 0 0 0 0 0 0 0]
		y: [0 0 0 0 0 0 0 0 0 0 0 0]
		Trip 2:
		x: [0 0 0 0 0 0 0 0 0 0 0 0 0 0 0 0 0 0 0 0]
		y: [0 0 0 0 0 0 0 0 0 0 0 0]
		Trip 3:
		x: [0 0 0 0 0 0 0 0 0 0 0 0 0 0 0 0 0 0 0 0]
		y: [0 0 0 0 0 0 0 0 0 0 0 0]
		Trip 4:
		x: [0 0 0 0 0 0 0 0 0 0 0 0 0 0 0 0 0 0 0 0]
		y: [0 0 0 0 0 0 0 0 0 0 0 0]
		Trip 5:
		x: [0 0 0 0 0 0 0 0 0 0 0 0 0 0 0 0 0 0 0 0]
		y: [0 0 0 0 0 0 0 0 0 0 0 0]
Solution 11:
	Number of employed vehicles in period 0: 3
	Total number of traversings in period 0: 14
	Total number of served edges in period 0: 6
	Vehicle 0:
		Trip 0:
		x: [1 0 0 0 0 0 0 0 1 0 0 0 0 0 1 0 0 0 1 0]
		y: [1 0 0 0 0 0 1 0 0 0 0 0]
		Trip 1:
		x: [0 0 0 0 0 0 0 0 0 0 0 0 0 0 0 0 0 0 0 0]
		y: [0 0 0 0 0 0 0 0 0 0 0 0]
		Trip 2:
		x: [0 0 0 0 0 0 0 0 0 0 0 0 0 0 0 0 0 0 0 0]
		y: [0 0 0 0 0 0 0 0 0 0 0 0]
		Trip 3:
		x: [0 0 0 0 0 0 0 0 0 0 0 0 0 0 0 0 0 0 0 0]
		y: [0 0 0 0 0 0 0 0 0 0 0 0]
		Trip 4:
		x: [0 0 0 0 0 0 0 0 0 0 0 0 0 0 0 0 0 0 0 0]
		y: [0 0 0 0 0 0 0 0 0 0 0 0]
		Trip 5:
		x: [0 0 0 0 0 0 0 0 0 0 0 0 0 0 0 0 0 0 0 0]
		y: [0 0 0 0 0 0 0 0 0 0 0 0]
	Vehicle 1:
		Trip 0:
		x: [1 0 0 0 0 0 1 0 0 0 1 0 0 0 0 0 1 0 1 0]
		y: [0 0 0 0 1 0 0 0 1 0 0 0]
		Trip 1:
		x: [0 0 0 0 0 0 0 0 0 0 0 0 0 0 0 0 0 0 0 0]
		y: [0 0 0 0 0 0 0 0 0 0 0 0]
		Trip 2:
		x: [0 0 0 0 0 0 0 0 0 0 0 0 0 0 0 0 0 0 0 0]
		y: [0 0 0 0 0 0 0 0 0 0 0 0]
		Trip 3:
		x: [0 0 0 0 0 0 0 0 0 0 0 0 0 0 0 0 0 0 0 0]
		y: [0 0 0 0 0 0 0 0 0 0 0 0]
		Trip 4:
		x: [0 0 0 0 0 0 0 0 0 0 0 0 0 0 0 0 0 0 0 0]
		y: [0 0 0 0 0 0 0 0 0 0 0 0]
		Trip 5:
		x: [0 0 0 0 0 0 0 0 0 0 0 0 0 0 0 0 0 0 0 0]
		y: [0 0 0 0 0 0 0 0 0 0 0 0]
	Vehicle 2:
		Trip 0:
		x: [1 0 0 0 0 1 0 0 1 0 0 0 0 0 1 0 0 0 1 0]
		y: [0 0 0 1 0 0 0 0 0 0 1 0]
		Trip 1:
		x: [0 0 0 0 0 0 0 0 0 0 0 0 0 0 0 0 0 0 0 0]
		y: [0 0 0 0 0 0 0 0 0 0 0 0]
		Trip 2:
		x: [0 0 0 0 0 0 0 0 0 0 0 0 0 0 0 0 0 0 0 0]
		y: [0 0 0 0 0 0 0 0 0 0 0 0]
		Trip 3:
		x: [0 0 0 0 0 0 0 0 0 0 0 0 0 0 0 0 0 0 0 0]
		y: [0 0 0 0 0 0 0 0 0 0 0 0]
		Trip 4:
		x: [0 0 0 0 0 0 0 0 0 0 0 0 0 0 0 0 0 0 0 0]
		y: [0 0 0 0 0 0 0 0 0 0 0 0]
		Trip 5:
		x: [0 0 0 0 0 0 0 0 0 0 0 0 0 0 0 0 0 0 0 0]
		y: [0 0 0 0 0 0 0 0 0 0 0 0]
Solution 12:
	Number of employed vehicles in period 0: 2
	Total number of traversings in period 0: 14
	Total number of served edges in period 0: 6
	Vehicle 0:
		Trip 0:
		x: [1 0 0 0 0 0 1 0 2 2 0 0 1 0 0 0 0 0 1 0]
		y: [0 0 0 0 1 0 0 1 0 0 0 0]
		Trip 1:
		x: [0 0 0 0 0 0 0 0 0 0 0 0 0 0 0 0 0 0 0 0]
		y: [0 0 0 0 0 0 0 0 0 0 0 0]
		Trip 2:
		x: [0 0 0 0 0 0 0 0 0 0 0 0 0 0 0 0 0 0 0 0]
		y: [0 0 0 0 0 0 0 0 0 0 0 0]
		Trip 3:
		x: [0 0 0 0 0 0 0 0 0 0 0 0 0 0 0 0 0 0 0 0]
		y: [0 0 0 0 0 0 0 0 0 0 0 0]
		Trip 4:
		x: [0 0 0 0 0 0 0 0 0 0 0 0 0 0 0 0 0 0 0 0]
		y: [0 0 0 0 0 0 0 0 0 0 0 0]
		Trip 5:
		x: [0 0 0 0 0 0 0 0 0 0 0 0 0 0 0 0 0 0 0 0]
		y: [0 0 0 0 0 0 0 0 0 0 0 0]
	Vehicle 1:
		Trip 0:
		x: [0 0 0 0 0 0 0 0 0 0 0 0 0 0 0 0 0 0 0 0]
		y: [0 0 0 0 0 0 0 0 0 0 0 0]
		Trip 1:
		x: [0 0 0 0 0 0 0 0 0 0 0 0 0 0 0 0 0 0 0 0]
		y: [0 0 0 0 0 0 0 0 0 0 0 0]
		Trip 2:
		x: [0 0 0 0 0 0 0 0 0 0 0 0 0 0 0 0 0 0 0 0]
		y: [0 0 0 0 0 0 0 0 0 0 0 0]
		Trip 3:
		x: [0 0 0 0 0 0 0 0 0 0 0 0 0 0 0 0 0 0 0 0]
		y: [0 0 0 0 0 0 0 0 0 0 0 0]
		Trip 4:
		x: [0 0 0 0 0 0 0 0 0 0 0 0 0 0 0 0 0 0 0 0]
		y: [0 0 0 0 0 0 0 0 0 0 0 0]
		Trip 5:
		x: [0 0 0 0 0 0 0 0 0 0 0 0 0 0 0 0 0 0 0 0]
		y: [0 0 0 0 0 0 0 0 0 0 0 0]
	Vehicle 2:
		Trip 0:
		x: [1 0 0 0 0 0 0 0 1 0 0 0 0 0 1 0 0 0 1 0]
		y: [1 0 0 0 0 0 0 0 0 0 1 0]
		Trip 1:
		x: [0 0 0 1 1 0 0 0 0 0 0 0 0 0 0 0 0 1 0 1]
		y: [0 0 1 0 0 0 0 0 0 1 0 0]
		Trip 2:
		x: [0 0 0 0 0 0 0 0 0 0 0 0 0 0 0 0 0 0 0 0]
		y: [0 0 0 0 0 0 0 0 0 0 0 0]
		Trip 3:
		x: [0 0 0 0 0 0 0 0 0 0 0 0 0 0 0 0 0 0 0 0]
		y: [0 0 0 0 0 0 0 0 0 0 0 0]
		Trip 4:
		x: [0 0 0 0 0 0 0 0 0 0 0 0 0 0 0 0 0 0 0 0]
		y: [0 0 0 0 0 0 0 0 0 0 0 0]
		Trip 5:
		x: [0 0 0 0 0 0 0 0 0 0 0 0 0 0 0 0 0 0 0 0]
		y: [0 0 0 0 0 0 0 0 0 0 0 0]
Solution 13:
	Number of employed vehicles in period 0: 3
	Total number of traversings in period 0: 14
	Total number of served edges in period 0: 6
	Vehicle 0:
		Trip 0:
		x: [0 0 1 0 0 0 0 0 0 0 0 0 0 0 0 0 1 0 1 0]
		y: [0 0 0 0 0 0 0 0 1 0 1 0]
		Trip 1:
		x: [0 0 0 0 0 0 0 0 0 0 0 0 0 0 0 0 0 0 0 0]
		y: [0 0 0 0 0 0 0 0 0 0 0 0]
		Trip 2:
		x: [0 0 0 0 0 0 0 0 0 0 0 0 0 0 0 0 0 0 0 0]
		y: [0 0 0 0 0 0 0 0 0 0 0 0]
		Trip 3:
		x: [0 0 0 0 0 0 0 0 0 0 0 0 0 0 0 0 0 0 0 0]
		y: [0 0 0 0 0 0 0 0 0 0 0 0]
		Trip 4:
		x: [0 0 0 0 0 0 0 0 0 0 0 0 0 0 0 0 0 0 0 0]
		y: [0 0 0 0 0 0 0 0 0 0 0 0]
		Trip 5:
		x: [0 0 0 0 0 0 0 0 0 0 0 0 0 0 0 0 0 0 0 0]
		y: [0 0 0 0 0 0 0 0 0 0 0 0]
	Vehicle 1:
		Trip 0:
		x: [1 0 0 0 0 0 1 0 2 2 0 0 1 0 0 0 0 0 1 0]
		y: [0 0 0 0 1 0 0 1 0 0 0 0]
		Trip 1:
		x: [0 0 0 0 0 0 0 0 0 0 0 0 0 0 0 0 0 0 0 0]
		y: [0 0 0 0 0 0 0 0 0 0 0 0]
		Trip 2:
		x: [0 0 0 0 0 0 0 0 0 0 0 0 0 0 0 0 0 0 0 0]
		y: [0 0 0 0 0 0 0 0 0 0 0 0]
		Trip 3:
		x: [0 0 0 0 0 0 0 0 0 0 0 0 0 0 0 0 0 0 0 0]
		y: [0 0 0 0 0 0 0 0 0 0 0 0]
		Trip 4:
		x: [0 0 0 0 0 0 0 0 0 0 0 0 0 0 0 0 0 0 0 0]
		y: [0 0 0 0 0 0 0 0 0 0 0 0]
		Trip 5:
		x: [0 0 0 0 0 0 0 0 0 0 0 0 0 0 0 0 0 0 0 0]
		y: [0 0 0 0 0 0 0 0 0 0 0 0]
	Vehicle 2:
		Trip 0:
		x: [1 0 0 0 0 1 0 0 1 0 0 0 0 0 1 0 0 0 1 0]
		y: [1 0 0 1 0 0 0 0 0 0 0 0]
		Trip 1:
		x: [0 0 0 0 0 0 0 0 0 0 0 0 0 0 0 0 0 0 0 0]
		y: [0 0 0 0 0 0 0 0 0 0 0 0]
		Trip 2:
		x: [0 0 0 0 0 0 0 0 0 0 0 0 0 0 0 0 0 0 0 0]
		y: [0 0 0 0 0 0 0 0 0 0 0 0]
		Trip 3:
		x: [0 0 0 0 0 0 0 0 0 0 0 0 0 0 0 0 0 0 0 0]
		y: [0 0 0 0 0 0 0 0 0 0 0 0]
		Trip 4:
		x: [0 0 0 0 0 0 0 0 0 0 0 0 0 0 0 0 0 0 0 0]
		y: [0 0 0 0 0 0 0 0 0 0 0 0]
		Trip 5:
		x: [0 0 0 0 0 0 0 0 0 0 0 0 0 0 0 0 0 0 0 0]
		y: [0 0 0 0 0 0 0 0 0 0 0 0]
Solution 14:
	Number of employed vehicles in period 0: 2
	Total number of traversings in period 0: 13
	Total number of served edges in period 0: 6
	Vehicle 0:
		Trip 0:
		x: [1 0 0 0 0 0 0 0 1 0 0 0 0 0 1 0 0 0 1 0]
		y: [1 0 0 0 0 0 1 0 0 0 0 0]
		Trip 1:
		x: [0 0 0 0 0 0 0 0 0 0 0 0 0 0 0 0 0 0 0 0]
		y: [0 0 0 0 0 0 0 0 0 0 0 0]
		Trip 2:
		x: [0 0 0 0 0 0 0 0 0 0 0 0 0 0 0 0 0 0 0 0]
		y: [0 0 0 0 0 0 0 0 0 0 0 0]
		Trip 3:
		x: [0 0 0 0 0 0 0 0 0 0 0 0 0 0 0 0 0 0 0 0]
		y: [0 0 0 0 0 0 0 0 0 0 0 0]
		Trip 4:
		x: [0 0 0 0 0 0 0 0 0 0 0 0 0 0 0 0 0 0 0 0]
		y: [0 0 0 0 0 0 0 0 0 0 0 0]
		Trip 5:
		x: [0 0 0 0 0 0 0 0 0 0 0 0 0 0 0 0 0 0 0 0]
		y: [0 0 0 0 0 0 0 0 0 0 0 0]
	Vehicle 1:
		Trip 0:
		x: [0 0 0 0 0 0 0 0 0 0 0 0 0 0 0 0 0 0 0 0]
		y: [0 0 0 0 0 0 0 0 0 0 0 0]
		Trip 1:
		x: [0 0 0 0 0 0 0 0 0 0 0 0 0 0 0 0 0 0 0 0]
		y: [0 0 0 0 0 0 0 0 0 0 0 0]
		Trip 2:
		x: [0 0 0 0 0 0 0 0 0 0 0 0 0 0 0 0 0 0 0 0]
		y: [0 0 0 0 0 0 0 0 0 0 0 0]
		Trip 3:
		x: [0 0 0 0 0 0 0 0 0 0 0 0 0 0 0 0 0 0 0 0]
		y: [0 0 0 0 0 0 0 0 0 0 0 0]
		Trip 4:
		x: [0 0 0 0 0 0 0 0 0 0 0 0 0 0 0 0 0 0 0 0]
		y: [0 0 0 0 0 0 0 0 0 0 0 0]
		Trip 5:
		x: [0 0 0 0 0 0 0 0 0 0 0 0 0 0 0 0 0 0 0 0]
		y: [0 0 0 0 0 0 0 0 0 0 0 0]
	Vehicle 2:
		Trip 0:
		x: [0 0 1 0 0 0 0 0 0 0 0 0 0 0 0 0 1 0 1 0]
		y: [0 0 0 0 0 0 0 0 1 0 1 0]
		Trip 1:
		x: [1 2 0 0 1 0 0 1 0 0 0 0 0 1 0 0 0 0 0 1]
		y: [0 0 1 0 0 1 0 0 0 0 0 0]
		Trip 2:
		x: [0 0 0 0 0 0 0 0 0 0 0 0 0 0 0 0 0 0 0 0]
		y: [0 0 0 0 0 0 0 0 0 0 0 0]
		Trip 3:
		x: [0 0 0 0 0 0 0 0 0 0 0 0 0 0 0 0 0 0 0 0]
		y: [0 0 0 0 0 0 0 0 0 0 0 0]
		Trip 4:
		x: [0 0 0 0 0 0 0 0 0 0 0 0 0 0 0 0 0 0 0 0]
		y: [0 0 0 0 0 0 0 0 0 0 0 0]
		Trip 5:
		x: [0 0 0 0 0 0 0 0 0 0 0 0 0 0 0 0 0 0 0 0]
		y: [0 0 0 0 0 0 0 0 0 0 0 0]
Solution 15:
	Number of employed vehicles in period 0: 3
	Total number of traversings in period 0: 14
	Total number of served edges in period 0: 6
	Vehicle 0:
		Trip 0:
		x: [1 0 0 0 0 0 0 0 1 0 0 0 0 0 1 0 0 0 1 0]
		y: [1 0 0 0 0 0 1 0 0 0 0 0]
		Trip 1:
		x: [0 0 0 0 0 0 0 0 0 0 0 0 0 0 0 0 0 0 0 0]
		y: [0 0 0 0 0 0 0 0 0 0 0 0]
		Trip 2:
		x: [0 0 0 0 0 0 0 0 0 0 0 0 0 0 0 0 0 0 0 0]
		y: [0 0 0 0 0 0 0 0 0 0 0 0]
		Trip 3:
		x: [0 0 0 0 0 0 0 0 0 0 0 0 0 0 0 0 0 0 0 0]
		y: [0 0 0 0 0 0 0 0 0 0 0 0]
		Trip 4:
		x: [0 0 0 0 0 0 0 0 0 0 0 0 0 0 0 0 0 0 0 0]
		y: [0 0 0 0 0 0 0 0 0 0 0 0]
		Trip 5:
		x: [0 0 0 0 0 0 0 0 0 0 0 0 0 0 0 0 0 0 0 0]
		y: [0 0 0 0 0 0 0 0 0 0 0 0]
	Vehicle 1:
		Trip 0:
		x: [1 0 0 0 0 0 1 0 0 0 1 0 0 0 0 0 1 0 1 0]
		y: [0 0 0 0 1 0 0 0 1 0 0 0]
		Trip 1:
		x: [0 0 0 0 0 0 0 0 0 0 0 0 0 0 0 0 0 0 0 0]
		y: [0 0 0 0 0 0 0 0 0 0 0 0]
		Trip 2:
		x: [0 0 0 0 0 0 0 0 0 0 0 0 0 0 0 0 0 0 0 0]
		y: [0 0 0 0 0 0 0 0 0 0 0 0]
		Trip 3:
		x: [0 0 0 0 0 0 0 0 0 0 0 0 0 0 0 0 0 0 0 0]
		y: [0 0 0 0 0 0 0 0 0 0 0 0]
		Trip 4:
		x: [0 0 0 0 0 0 0 0 0 0 0 0 0 0 0 0 0 0 0 0]
		y: [0 0 0 0 0 0 0 0 0 0 0 0]
		Trip 5:
		x: [0 0 0 0 0 0 0 0 0 0 0 0 0 0 0 0 0 0 0 0]
		y: [0 0 0 0 0 0 0 0 0 0 0 0]
	Vehicle 2:
		Trip 0:
		x: [1 0 0 0 0 1 0 0 1 0 0 0 0 0 1 0 0 0 1 0]
		y: [0 0 0 1 0 0 0 0 0 0 1 0]
		Trip 1:
		x: [0 0 0 0 0 0 0 0 0 0 0 0 0 0 0 0 0 0 0 0]
		y: [0 0 0 0 0 0 0 0 0 0 0 0]
		Trip 2:
		x: [0 0 0 0 0 0 0 0 0 0 0 0 0 0 0 0 0 0 0 0]
		y: [0 0 0 0 0 0 0 0 0 0 0 0]
		Trip 3:
		x: [0 0 0 0 0 0 0 0 0 0 0 0 0 0 0 0 0 0 0 0]
		y: [0 0 0 0 0 0 0 0 0 0 0 0]
		Trip 4:
		x: [0 0 0 0 0 0 0 0 0 0 0 0 0 0 0 0 0 0 0 0]
		y: [0 0 0 0 0 0 0 0 0 0 0 0]
		Trip 5:
		x: [0 0 0 0 0 0 0 0 0 0 0 0 0 0 0 0 0 0 0 0]
		y: [0 0 0 0 0 0 0 0 0 0 0 0]
